(33146422 69980125 202159 59862948)
(74029751 26839952 12865354 50464693)
(83803292 33022080 -27283426 94204881)
(51814730 72577092 -7231205 60153857)
(-15507078 49523404 5780132 82481836)
(49875449 50857569 -63011895 92275432)
(118852945 63060970 22400247 93473106)
(104520225 46798406 18432026 61417260)
(107536546 10987163 22521599 95839694)
(62988721 99023229 -5935422 96477953)
(60355702 22896263 -36426908 90026583)
(63918001 67510915 8690945 51268503)
(89117852 35483350 13656052 56118990)
(61454681 75533324 -27137873 92656432)
(51547268 61742798 21841664 51384969)
(62373745 110089107 20719256 82341094)
(58878148 95102546 46529968 89670026)
(105770097 58701583 30167762 83798547)
(75314112 68992501 50603334 84069038)
(74279899 68760560 61631128 93830717)
(90618306 38178876 6281760 62298034)
(55134807 95755393 176591664 75455706)
(50085135 39315155 4563099 78067647)
(51656873 35446550 17289511 62355530)
(-30601709 52708696 21506101 88676296)
(7877334 72486391 10555957 77284545)
(59196664 51699932 -52806037 92233160)
(96557724 54985055 50568588 91270330)
(-26508420 46919699 14303623 82355982)
(85414786 38667492 -34465619 97353202)
(60774802 88374991 10334093 67346316)
(90186090 49609151 17412134 50913653)
(82196696 69092169 2624950 77194428)
(53958876 45407127 -31353317 59249958)
(73726271 24648844 -1287375 66505043)
(63657944 66828755 -20080767 79098180)
(-106403 53173916 13799778 62711981)
(95078052 50262419 16964064 56906965)
(51337649 123035564 11461001 91442728)
(93882394 72497981 10259286 84651653)
(106925149 57650820 18576512 74529980)
(-18540260 48220094 7914638 82077231)
(-21819990 56138708 22520721 84339189)
(115940324 45804298 16289953 73985404)
(113700628 47100157 17426802 71904519)
(94047544 57927142 -13589504 94094772)
(4104627 66654063 11534828 74246024)
(247023895 47773018 26985633 72983986)
(93993331 62459709 42149532 87761534)
(63008139 20891178 -7403007 65660212)
(69509423 59551957 -21467362 79059289)
(64197801 46921790 -43693695 83343945)
(105718349 52542702 32049864 79469817)
(18329124 62274090 -28745046 95921422)
(109950264 67285274 8530260 97235878)
(56750137 65093132 -27303403 77677322)
(62268109 45477972 22803220 71148799)
(52294320 93955580 -21305914 96086425)
(91672651 73958987 16133759 78028433)
(14053396 65267625 911844 73533913)
(52742030 61512066 -19917471 62702423)
(79077512 11176848 31864496 76533783)
(97002629 28589199 1680561 82873263)
(70741769 395917 51831659 98946132)
(28236608 45673516 6162772 92994018)
(77053955 56810784 7894500 54500760)
(94277602 72487911 14391113 80904931)
(68324541 89696767 15901078 70651146)
(94312483 50778916 27637003 61887290)
(71882952 59189811 -22726076 82329446)
(57109781 67573193 40592469 54434686)
(66705852 73659301 15156234 53739450)
(95270761 45316649 17922125 51195973)
(4821278 24152732 14594343 67272759)
(52119515 21110213 -11163127 58312668)
(35609350 95042597 7338516 75326137)
(89263482 44869456 8213055 54450424)
(96523285 56321439 11034856 70340386)
(49104464 103787756 184271 81238595)
(74869449 49265648 18378804 80219212)
(52209583 72780851 1497228 52024148)
(44106337 83614229 53262801 76630490)
(115889508 40661588 5523484 85844844)
(85929694 39021413 35628485 59305379)
(62111451 34102173 -49904912 94054435)
(88200561 53508894 2146747 68093357)
(122881495 44877567 35543508 92461458)
(62431786 87121770 9875172 68208901)
(84187939 53520484 -6393216 72632486)
(88242047 65622276 -16461566 98856408)
(33689285 79124012 2785580 65880618)
(45344738 56067825 13547761 80533822)
(129037182 46060457 9677478 93950736)
(10090560 45020314 44233881 63023424)
(110256552 42735735 12810160 70850898)
(67217700 50287055 -23568338 69603669)
(52032361 70754855 68301915 80248210)
(33066774 42432216 -31651532 66993668)
(27401636 41877703 12453830 64858357)
(24097036 59818897 -15926672 74879923)
(212790603 49168678 69506647 88909699)
(-15895808 42376259 23898265 68887309)
(51124960 51572754 -4682055 82291531)
(50692976 6239118 37035954 58258506)
(90504742 22242146 -7669724 92072705)
(50757996 71255997 40184326 51357207)
(112355078 59894767 18080977 82699387)
(99577336 60760305 15515205 73353252)
(-5505064 53203526 14949799 66990184)
(32265863 81892069 -341554 73199250)
(94347872 29680461 2699175 78108556)
(52422226 49864006 14496808 55794790)
(-32034277 45930380 37423112 99247741)
(70069724 84148277 29900413 73277407)
(95444900 21783212 18390207 71411979)
(110191592 45002534 16876182 66848894)
(79622867 73397165 15899777 65650824)
(37706811 -12229471 3184401 82179419)
(85647765 48694806 3502183 59370928)
(100158194 45839103 -14198872 88726712)
(107065496 41789685 47122759 89167239)
(133011163 47971454 18531839 90981381)
(91142820 50598405 27790756 58690911)
(14206688 61857928 -15991321 86874049)
(77020982 88962093 4332932 90180760)
(81158560 37297127 6624525 53377264)
(66496794 66255534 -4900152 66183006)
(85971265 29262368 1820994 71028295)
(111672824 69022199 20835569 90689644)
(56712111 61410022 -32100110 78752776)
(121040007 51126070 34445979 95771042)
(64851525 62332861 -11900531 67615452)
(43005281 39674174 -67361307 95523019)
(86986272 69334697 -8228749 93080359)
(84514427 8137009 16496558 76021280)
(73291852 47623635 -8751663 58197732)
(114979921 46881803 -7016480 97408719)
(50705296 93948781 51896142 85709500)
(87494437 50460418 7033199 59452169)
(87860997 20351021 8688314 74961899)
(-5927035 66467469 8829226 86796885)
(99189991 46859465 9509165 65071019)
(118162019 44953026 14387138 77258530)
(43910682 21735880 13987892 74589779)
(59256699 87744043 11032590 64498688)
(98806753 33011635 18402969 63532420)
(103409363 46792427 22255613 61616300)
(83599957 47221722 -2813240 62165619)
(127411566 52988731 14497666 94433169)
(84994328 41140045 9405199 50589461)
(94151669 48823626 35447212 67581490)
(24298739 15273309 1874276 69394792)
(65568258 45508712 14115778 67794073)
(100394988 45908598 21738612 57201089)
(66642674 31199305 -26380973 77964591)
(94656091 24771288 25428246 72081867)
(57155732 52406556 -22895531 60988337)
(-3797383 55946632 40455370 84059322)
(38731221 84748766 50774444 80651830)
(-15292025 49361585 16409143 71476036)
(83404311 56634993 35968688 65166982)
(66799579 42247320 28979214 92662329)
(96889681 46428029 28014551 60491389)
(36411755 50604521 11873588 94029954)
(98741220 11883926 8999679 93997939)
(95881671 49155744 32939237 67135922)
(56130261 71429933 -5380806 61472091)
(61910759 94163256 17573337 67031198)
(89103929 47035697 26458916 51757772)
(69583897 68846906 -14435912 81397370)
(75924967 39383637 17004342 76793135)
(124174013 32501371 23537947 91979229)
(87265373 24594050 2184285 76627414)
(127681273 53943032 14367696 95787309)
(101961601 40200772 13728488 64172903)
(93210411 33814724 15064357 60472186)
(-12683587 46709270 17757371 64866881)
(790106 55671326 5946122 72166633)
(101609613 41255090 14779490 61715269)
(75631423 21357859 40219562 71261935)
(94446266 50859286 18428662 55407461)
(73212037 54118770 195781 55665584)
(58200522 54160398 -11498688 52390228)
(29047550 82862400 59465946 97140566)
(143227898 -13723234 -41176216 73120930)
(61434061 118191370 13875974 94280670)
(77414474 46967365 -1896654 54809104)
(60740609 51376200 69747531 71023256)
(106619423 46648370 12725408 69073214)
(124228638 61833479 14987516 99605205)
(100522887 55301808 10943398 73411852)
(82782851 101925007 18291419 94947107)
(36518109 110658477 7452525 89919601)
(86033896 75862005 1935812 88490866)
(118112168 56100559 15213028 87530261)
(58934068 79420371 29674649 57188009)
(48355313 56690172 -59703222 93279601)
(51486159 34727128 -64745930 97645204)
(-10192692 58036546 -6992659 98453303)
(97765407 39622644 15651273 58631781)
(118734740 60972088 8676315 99561080)
(72933470 23013033 -11433756 77494829)
(84091593 53683869 4288477 62017564)
(54628299 77648712 -141452 60949056)
(19560804 65755497 -10455721 79881887)
(66752910 79496529 2377506 72402453)
(61033198 52234192 -9419119 51217069)
(7328018 22195445 14223616 67094033)
(66170345 81418227 38801868 75549400)
(62808853 86612161 11813460 66138565)
(8108801 49573918 9512631 55183921)
(83317105 75111461 7058874 79900313)
(39250202 40986453 58760404 49993803)
(103243244 50689244 4646726 77816282)
(131655080 52693397 13305661 99573371)
(-8121694 63241295 4043425 90550996)
(22253783 55306463 75472095 92384656)
(112015330 47606289 16481688 71670774)
(52348604 62082426 -24230959 67192912)
(91802118 39463281 1205254 67273938)
(93009018 52828280 14431530 59936482)
(-2388831 75143443 6310260 94453408)
(77273493 73120884 -12925994 91850896)
(1711928 46327021 6828691 61017845)
(49250508 84566960 -25370675 87719133)
(78773710 87415277 11963832 82755706)
(49248586 96459303 -15063511 89301959)
(130474998 58428870 -88113766 82080638)
(62158420 64516719 81904899 97739121)
(54186844 98950256 -2203966 83871580)
(70423132 86949307 6030369 79872907)
(65316973 24713131 -17924233 74668840)
(68347536 71426040 -13136223 81440490)
(100047169 74115768 9970452 92723095)
(67690872 67255498 -2378878 65855866)
(99908277 52507135 12326408 68619544)
(111128224 50512620 -1454387 91625749)
(59829728 26725056 -838465 50083416)
(127470822 53415400 17580495 91836679)
(85988244 5331272 30298481 87724161)
(74956764 91139861 24843823 80099646)
(7746160 68857371 42724437 87695484)
(-13453391 48519820 -1869525 87074311)
(107942986 38261496 25195277 71645816)
(-12751622 57682213 13444114 80221136)
(59844250 39161974 62088767 59539708)
(20502679 107137366 12680672 97185509)
(137158412 40547938 22838186 96217289)
(63638195 72229867 53681137 78708141)
(-23293341 33740255 4329997 96064549)
(117638202 47838454 22320874 76956459)
(91890189 46345274 14980360 51785845)
(107805632 51240272 18453240 69123219)
(56078090 55623073 -56585660 96817468)
(-1424858 67995024 2173405 90477866)
(54369822 116181397 2747177 96334617)
(133614017 49426020 17535152 94035416)
(37855391 51295121 -21622335 58293497)
(73566430 47581637 -29715003 79393817)
(44583851 52760764 101097749 93134488)
(103227891 34225269 -6098002 91240969)
(127099045 42752864 17139702 83347110)
(72988034 61621552 -14204728 77344840)
(55585067 49930219 -25134452 59180357)
(26291022 -6408423 3799338 87159290)
(63751503 16626687 4321527 58943568)
(99910916 62979512 -6931577 98352759)
(75245115 62923408 3255873 63443344)
(89196847 58496867 -6511639 82735865)
(77304415 45173863 14274489 79754988)
(88045728 4534452 8069603 91582087)
(75971480 59222162 8081871 55642389)
(55567828 51190375 -45062490 80351340)
(-5340125 38998686 4398495 72784569)
(98017647 60449547 13138809 73858920)
(85863443 61958730 -9639623 85992514)
(113114004 40937392 15916457 72400448)
(98249964 83772251 12905740 97646995)
(58327749 89524249 5878747 70503845)
(24919725 68743376 25934910 53618646)
(49048559 96148810 -3652251 77380149)
(14212137 73709103 7676523 75052183)
(40306145 -43752109 -90339804 57771628)
(13878018 50218321 2751024 56821431)
(63463145 40795459 -11739321 50547272)
(27211682 71981802 -8645359 76646887)
(74536411 40207541 430327 50039353)
(38174436 81451034 -13715112 80223174)
(76192690 46786909 -14418037 65928148)
(134558476 124306543 -20240213 94395348)
(79262327 31909518 6640040 56853201)
(81117107 9388265 -662576 88531664)
(66429949 87946718 8195790 74711416)
(67374842 47020901 12428375 83538365)
(72007912 51430708 281315 51688173)
(57608343 27714098 -11575345 57609871)
(107756988 50798940 -6564688 93651158)
(118565281 47357485 -773457 95226746)
(83594760 66940778 36169122 75864183)
(70998481 49167846 -3792067 52488925)
(100378646 45408141 10108946 64208515)
(89590938 69221925 16525318 70818132)
(58938197 11919687 -8998691 72157690)
(58521691 47340754 18661193 83178754)
(82016234 -1397742 8287407 91266913)
(130587034 49726677 15307008 93537532)
(68350032 37091393 -5623500 53022376)
(81583219 54716764 -1889621 66720258)
(122327533 40346709 23316839 82066415)
(30170582 102551704 31389447 87630424)
(86616942 9009514 -1150663 94898661)
(126850720 45422778 17862382 82941655)
(56429109 50717476 -27170524 62847896)
(30626345 94282922 1605997 85282145)
(57793488 93392266 -10798876 90515231)
(67553986 12377533 14774981 56541797)
(56664451 48184448 17440464 96988803)
(72777078 59400400 63909517 85246071)
(6499571 48529847 6792189 58469500)
(73412301 47036328 -2293665 51272916)
(66221713 88129447 2946973 79934838)
(70981052 56863276 -39974794 96349778)
(61757150 73021331 33932576 57870117)
(62814404 74108780 46346789 72428889)
(-37709975 53098646 18672992 95367074)
(50548878 96838333 -4135148 80052901)
(92193684 40470108 -1985864 69849792)
(136602860 41357763 21933155 93946910)
(57857239 91432808 -838065 78658730)
(87946679 55539798 9784525 62232467)
(66584645 6847706 3712768 72164520)
(114899564 52189294 17307177 78312366)
(66125885 77323547 13192681 58787293)
(90294566 46588249 6498294 58915035)
(57930507 47827625 7149116 84800359)
(60445388 64031130 39255262 52891007)
(94333305 54832210 23311587 61636141)
(84273666 52078107 7391325 57491025)
(123670250 38988779 12564253 88257465)
(22273865 74777108 16793487 58941598)
(74051814 93116779 13795320 81903847)
(68769368 41634061 -9547950 52823806)
(9362667 90296798 14132243 90033799)
(78043879 22751416 -23296583 94729381)
(52090052 58345502 17115130 55709551)
(58966663 1979283 -12399484 85527101)
(57519597 63747910 -13013715 62811755)
(4752849 58072806 -3324150 79875570)
(93229796 19246230 7904224 82219640)
(106263711 40933536 16559152 64911259)
(64326923 54404367 43314263 51204779)
(117327124 47240544 37811998 91538747)
(113066487 46083831 16834529 70846870)
(58421973 35470553 17200741 50748922)
(114580835 32178696 22760555 81931390)
(92936545 19891108 17140840 72045016)
(11729297 7823300 -2260545 93549342)
(32233931 51610053 -52880588 95488119)
(85963419 51034146 10905638 54622445)
(123701678 44926923 2450012 94709188)
(106118806 47667486 -8756802 91073685)
(63369893 87569975 2223439 77247008)
(77674637 61051239 -7798294 75054691)
(22189794 73683655 -24982704 99708010)
(21502104 58948951 3474685 57203612)
(63909318 78716384 15983501 55172719)
(-13174804 45788435 15275050 66919620)
(53423666 68603217 -2548637 53106134)
(54427912 86085755 6134544 62909639)
(-2226475 46365278 12660440 59162993)
(202552228 86268887 10131651 68187123)
(57518012 88102625 -15583766 89735051)
(100204411 51369134 17492350 62611747)
(99520 31948257 11155281 67638292)
(53773221 61282776 -14362281 57948804)
(60910235 77847230 11136985 56151035)
(57071610 65099739 -14127555 64829427)
(-45318571 42198292 18609050 95352362)
(-11816075 63899259 6547257 92399494)
(69221015 178126300 -30639931 74817281)
(106222315 50012587 11668933 73096593)
(60089229 46978373 30544331 83989305)
(84065947 70587825 41026068 84838794)
(107765963 59681650 13895695 82082430)
(124518686 50830684 7357656 96522230)
(84587877 46060633 5521067 53658074)
(58317198 70001945 -21423549 78273207)
(89379654 53057250 23055206 54651003)
(71458735 58572638 33609952 52800292)
(49521697 64621723 -55858494 98532964)
(79386317 55136180 798354 62254809)
(93853086 41199897 16036080 52757346)
(54410172 46015786 -27189003 56145506)
(111604734 50178386 40919957 91862151)
(73019808 47665946 41570991 51415730)
(65942751 67688159 -13075675 75237114)
(86924842 66095218 17258560 64292080)
(22344295 101727364 14997537 87617026)
(102164201 42133740 1063481 75107304)
(84093096 56168128 17831231 50960770)
(-7635123 30612529 16164425 71699316)
(116264679 65750899 12175959 98370145)
(58674032 51986769 -43884308 83075647)
(-9335679 58159513 -3897484 94624648)
(32546637 34701079 -8845740 52439762)
(70340420 58843238 -12062392 69776575)
(-30868204 52595536 25310067 92633579)
(76204636 83484835 13303636 74916505)
(84042959 28918444 -430511 71695281)
(87131056 68018183 13499717 70180054)
(71526669 23109639 44984654 70170372)
(104325991 45897842 10802337 67952100)
(74566645 75269611 12361136 66005725)
(45994808 49496637 -50918009 77651488)
(27386204 59099088 -16573449 71517892)
(53200928 83956133 -25008484 90696244)
(106195209 52807776 -1222014 88755556)
(49543865 47065405 37287949 86195415)
(88292366 52847008 13387320 56282692)
(107384850 33216441 16708542 73600173)
(100650242 70269159 7547160 91902878)
(70438311 51880238 491221 50357885)
(74356556 28775005 9035118 52686681)
(57954073 99083511 7251012 78317090)
(88025929 52245842 1908222 66894397)
(65719627 68772965 4083199 58939991)
(34807916 41861151 17249188 56199045)
(66027284 49352762 -41214120 85124727)
(95329181 80008543 31114539 95611234)
(123854815 54490238 9842373 97033251)
(61817573 79700549 15401279 54647364)
(94764174 48381747 -15076683 86753209)
(96233639 38326386 -8764671 82812216)
(52793136 83747847 29351767 55051792)
(76424382 50480495 77144903 93208776)
(74775270 63695352 9286691 57714446)
(96954716 44909316 16165831 54228736)
(81563097 47275443 -4812040 62181122)
(86326748 29863869 15803617 56799866)
(42249781 65253878 -38187883 84423658)
(60455184 74333485 -12591127 75910317)
(123414179 46685791 1737089 96893805)
(104728277 64627980 -1680541 99567439)
(127569725 45922724 5136756 96886234)
(51923648 38445899 -33897389 63515438)
(52636677 88902626 -15673201 85743020)
(16557313 42188685 18448264 89018521)
(84692837 51624194 -31931457 96779006)
(63741394 88811893 -11413560 92497411)
(62237621 63714557 -13856213 68338933)
(44358608 33754359 9099240 97315621)
(122797721 48022098 8523894 90826461)
(61821800 42526794 20849068 92330935)
(61535418 18403772 6679092 52593058)
(48693466 54052295 -46534137 77810639)
(57574672 82448143 4200423 64352927)
(5675759 55454011 -7254487 80264218)
(98082731 70339773 14925769 82027316)
(53493670 -148143851 32543392 75588500)
(65400632 47512689 -44202182 85646955)
(12169728 44852323 38233927 54776349)
(69290110 78735330 1834236 74721726)
(-4290479 29288952 -9210830 95053511)
(-13144079 50116273 1105552 85386219)
(62963611 51633479 10224112 57192310)
(67204125 74116093 6882958 62967918)
(45064780 -10627605 29828166 66860735)
(89840625 24478927 8206305 73295871)
(-25710287 44860234 23804189 78234565)
(12371870 48091702 35407421 54987018)
(18887950 65866239 -24774679 94984614)
(76031164 46189398 -23636902 74388142)
(102597053 47651136 4913306 73865485)
(105740084 50606897 6948106 77929456)
(-7624710 52231444 4093408 78994139)
(62769468 29035409 -13874708 63749392)
(81924417 64165349 17380109 57240296)
(-14065416 39796669 8671427 76438526)
(112107196 54367460 22793841 78427455)
(49419343 98891937 12581475 64260327)
(39051143 48356242 14381988 99640935)
(69218833 59573403 -11797001 69119760)
(-14075928 64579521 21964329 84479640)
(73513405 60472035 5342339 57173768)
(86451529 51907710 13919974 52969783)
(6525389 29215222 57554348 93283278)
(52049403 33321284 -46584548 81452911)
(74647902 35729408 66537955 82225787)
(39555035 91897039 -3031902 78605461)
(88996061 -3224837 10234702 98126438)
(110497903 51323456 25536155 76516482)
(16835537 21557100 21048609 54125525)
(49789873 82908659 -25920609 87149735)
(44985542 72213024 47783760 58871325)
(92538126 85314529 25228699 92240334)
(78060046 40335524 -32209110 86074074)
(77791172 94729309 33821092 95500639)
(8852405 58025971 18579230 53825766)
(65207634 84339200 12131624 65945741)
(107863290 69067100 15033322 90427605)
(88811740 39118297 25986492 52448561)
(69339461 4758421 7373908 73347380)
(115597225 62705118 13819437 93013532)
(93173578 28112146 -11242213 92444389)
(114020355 47236124 32662848 83078417)
(-11590345 47893625 2941495 79773866)
(37751088 56979671 -16143592 58603921)
(111158695 -107999594 14783161 68563615)
(-1616363 53678683 15025863 63500604)
(87712200 27517437 13791181 62544038)
(95930479 51973517 17311007 59123501)
(-33160567 47124291 14323010 89193237)
(111356733 34746765 11747433 81002976)
(137724597 45183600 16754306 94684515)
(79753371 75434608 14765872 68952627)
(51454689 57748281 -16128061 53861628)
(-11171408 45010861 11212775 68200883)
(68872838 53354885 -23929535 74687806)
(76779537 69967768 -2138996 77417061)
(62150067 61649029 -20999655 73329263)
(79232247 34539515 -3663432 64496766)
(26727009 56942123 83766641 97841556)
(87790989 85765092 10388815 91697863)
(78920701 83087432 -5286260 95824983)
(122845353 -61730438 51250758 58311131)
(85553538 75752303 14686375 75149982)
(94655074 49296008 16659316 55822341)
(104922182 53211155 15886475 70777380)
(103205122 11603328 29011436 97381853)
(33165427 106579628 10468312 86177289)
(106918368 67028782 11459808 91018009)
(-24336174 52154855 216923 99505521)
(43597930 46785021 -45599831 72018356)
(26683868 38633311 16060259 66486010)
(105667977 61423970 18293713 77328752)
(97788555 48950063 6471145 68798409)
(70947595 72108513 4495148 67091485)
(83759172 88452539 12042403 88699822)
(-663103 46077435 18469298 51502704)
(58051577 51917073 18357991 68494351)
(77960381 63600656 -16532932 86624706)
(51052119 56446402 18630485 68439925)
(38869171 59082139 11280168 81307191)
(65801056 49774028 -40938186 85043896)
(110189838 59250781 7264622 90706852)
(2128333 70725323 14539363 77289107)
(94431751 46787526 22024045 52402215)
(-1215979 61733110 2447529 83733345)
(68914899 42541643 -36295391 78808952)
(116155559 64571709 18371195 90886630)
(109970171 60333709 5000009 93834399)
(18925831 46103149 59936536 70973895)
(48991366 59125108 -45740211 82387760)
(96413876 46479091 17821422 53602113)
(48912341 73044622 -35685913 86173757)
(54483525 87836485 -4904404 75754989)
(57512023 47471605 13741633 63975059)
(76901580 59458016 -18878035 83768212)
(66317452 75709829 11457153 59100724)
(80723761 33279201 46625194 70838371)
(56842070 54822181 -29819823 70014988)
(44233380 39886227 -72513605 99235131)
(13493749 51690544 3033390 58394793)
(85173967 75764746 17215809 72253431)
(48631185 96086587 -5046435 78294754)
(73767227 45715649 -18359637 66373284)
(89744823 62345674 14326511 66295057)
(49971818 45483437 117304 55084632)
(89394371 65406721 17618748 65712902)
(82636534 74014934 23236933 69047332)
(15145692 90280126 18038862 80327208)
(52845700 70588622 -9257174 61222011)
(114233493 66821840 16844507 92741373)
(72336723 55675064 4673655 51869109)
(59104534 14071575 1894213 59279267)
(79957070 63574894 14788206 57274282)
(105345669 40166782 8565671 72753480)
(21420200 77307125 32193332 71940129)
(66852644 75434021 33239908 64685473)
(59769897 85939728 -4976595 79216734)
(99710570 15684540 10069928 90096586)
(65537768 25206953 -5447749 61918955)
(90930610 38015143 358759 68696974)
(105183711 51363970 21636349 67342926)
(9137869 23941233 7825985 69936029)
(82238910 65542764 -11043045 87355518)
(50592240 74806941 -25366827 79296554)
(13127931 48138278 -196692 58438430)
(62873970 87180732 -5687215 84272446)
(26354087 16263408 -22549747 90773480)
(80751724 46752217 -31243925 87278562)
(99467331 50082599 16495043 61585582)
(91422804 54651644 56583368 91816765)
(56035434 11664593 5036005 55475116)
(88171271 56364065 14955169 58110783)
(71422674 25293310 4828201 57441416)
(76664288 62252247 -5041247 72488320)
(109601092 44850208 18658941 64323137)
(94458634 56364052 -16728899 96082106)
(57708470 67786073 -28698029 82723153)
(1790737 84262668 28828142 95159909)
(87097511 46679085 7795504 54511946)
(86773798 69587664 6219628 78672356)
(95557886 47236570 -949797 72274912)
(129111266 45600948 18101167 85141645)
(88203062 54789741 1587184 69936134)
(70924039 56384571 -30413398 86252807)
(26315706 66853447 -7634890 71404056)
(89171521 55050399 30060228 63441492)
(39048446 80607703 3393629 61397462)
(88147930 88277883 30688508 96273219)
(26777266 59174583 -5735258 61363995)
(81316766 55278881 -14650762 79777006)
(57026693 48676132 -34905998 69139782)
(58859763 90803053 46339395 85161175)
(97714408 25242870 31893917 81134174)
(-9996056 8893281 12583346 99360951)
(57258568 77580012 -13970814 77339913)
(59387988 45309550 17304828 90289531)
(57886697 99074417 2210160 83281476)
(60952449 39198258 -30850688 68745119)
(51505601 82153387 46470656 69288550)
(48935015 45674931 -57209648 80350347)
(80681223 62631659 -6921621 78765018)
(72651056 85778102 9370175 77589602)
(80360951 29978206 10607070 55916328)
(57709071 90680039 -18112549 95032228)
(-105093932 56203617 -25568859 75371058)
(98086797 65994007 9667142 82944262)
(51413218 92862780 -18198090 91004601)
(107079935 69504422 12310585 92804284)
(91328276 50035407 62455666 92978239)
(80003056 67794128 13779361 62548395)
(90122941 55415918 7348763 66720623)
(96307621 35013390 16936953 60497576)
(49567244 64720488 -36788827 79607219)
(52174854 49528153 105130118 95992102)
(65719416 52862697 -9090763 56203522)
(64252260 35614080 -25807663 70586203)
(83737400 78729088 27803072 79428449)
(53147443 75673370 -3168368 60519742)
(59182242 59093425 15337013 59778438)
(65532894 84119758 9621293 68561909)
(53131213 9251135 3721614 56298700)
(77769818 57596563 7697068 56199905)
(100217041 74709546 16747752 86709579)
(68034187 47531898 16464276 62266445)
(96273068 47207601 4227383 67783894)
(69737734 63864819 -33851991 95985063)
(-1755978 50371897 -8094331 83453604)
(119206261 48831616 38480802 95677630)
(128480216 47656732 17979607 86688284)
(111345467 47097891 16368244 70605972)
(79628684 60853766 -29940189 98953180)
(63100468 -21018454 11788276 88470984)
(120690400 49112919 9135508 89198331)
(94938469 46005447 16503901 52971144)
(115764959 46647350 7578562 83364291)
(63268236 76868534 16896532 51770953)
(70061237 15055372 28789772 60564650)
(123740954 49672530 17761300 84182743)
(77730957 70475755 22608128 59973742)
(37184810 69799304 4006900 51839097)
(62878532 85058435 49513597 86609503)
(73117528 50515966 -26302274 78466552)
(104522511 59194925 8620686 83627500)
(101508832 44921619 4772547 70188614)
(84062595 61660706 -238099 74491964)
(91470907 71957075 9853604 82104924)
(103588479 46637469 23612050 62996914)
(103080151 50795259 18333537 64072406)
(57032162 72864466 40729150 59784730)
(71406742 39062387 -20744985 69229603)
(37724329 51295114 11437836 67413165)
(78945304 31727207 -4107147 67465767)
(64333143 65474217 56146064 75112354)
(66341904 72505988 32463965 60470800)
(90733236 72236797 18669684 72831383)
(91949715 88560607 10278282 98762605)
(81891400 50465827 -11903825 72791718)
(54806092 47229032 -25359039 55924801)
(97566520 73305807 17970852 81432313)
(55085305 22016424 -1448585 50657703)
(55570825 76131292 5066285 55166490)
(51174730 37653483 35014039 83869590)
(60556441 84558792 22864650 57139039)
(-5969951 48437185 3864792 73773769)
(56975664 85096391 -7564197 78166933)
(71417411 56217316 -29325785 85491067)
(76503810 39446049 -445362 53643523)
(55079078 56768354 -10727167 51105122)
(58329158 84472514 -22619212 93951499)
(96473341 47601969 14093171 58512672)
(-17370448 57305176 34993016 93528569)
(35747663 91825795 -15683115 94992747)
(123327281 48255168 15460343 84652647)
(82088136 72596406 -346677 83561873)
(138039421 47929257 20710367 95837964)
(65488867 22777502 -17550472 76402351)
(4468057 28327628 -17275948 95321392)
(70943136 47278010 -24633388 71385049)
(114903730 53189892 6212778 90411411)
(107865287 50445407 23131968 70601749)
(54251601 61436926 -14129549 58348813)
(50018289 71131128 -12485606 62165622)
(77950007 35919740 41301544 60100440)
(117423477 48021532 -5305906 99281480)
(8375207 53912763 10863955 57905146)
(71467158 38952494 -20919812 69575047)
(48865112 67682900 -10175478 55254365)
(80537915 65698819 -3785812 78553452)
(105495099 53762143 -10585085 98373168)
(-24751158 56925708 9245120 95663136)
(79536648 54971795 5384551 57654452)
(57515589 56252661 -15211415 57510339)
(73965927 48625067 -46683807 97805348)
(110695180 50626197 16639857 73212037)
(74417510 77301126 15614403 64634793)
(83642070 51819495 -6410357 70402450)
(115755250 58413785 12392929 90306718)
(25543111 50066631 -3696618 51451691)
(81252056 59298105 -22634513 91715258)
(-36599997 108237032 -52641993 65723509)
(57342775 64364894 -9978280 60216461)
(119701970 56451152 18485349 86198320)
(57343594 84284496 12183650 57975216)
(51971095 114624155 11452253 83673513)
(19578261 65731493 -26111603 95496262)
(10452577 18487765 5846470 76054366)
(87653043 39284764 14506384 50002457)
(69704643 27014725 605668 58224554)
(53932145 111447067 6675540 87234208)
(15479124 35656339 51225645 71559702)
(82624950 63819408 14819077 60155846)
(99550432 74092133 16177243 85996286)
(67369960 22579213 53832037 75391460)
(23662927 46590109 -27660721 73819744)
(70470341 68359091 -14823242 82183249)
(58294539 50812127 52131957 50397571)
(83325891 60792562 4339070 68309902)
(121869747 21826263 18297965 97886197)
(100288395 52817109 -6321948 87957995)
(18092734 46927286 -1249592 53315665)
(67301959 54130944 17593831 91954402)
(107734993 45190961 -911566 82368197)
(75803301 8499325 14971944 68472787)
(-20441422 50844407 18272495 76244830)
(97840111 29162419 33812752 79259062)
(70330439 53305199 40410689 53205323)
(19855117 40660213 -4386464 54712252)
(69006784 55620819 -3903847 57062257)
(124281386 51347322 15378853 88780713)
(5506636 28633240 7675639 69026067)
(54360073 71435002 -20730696 75056315)
(55358122 47097423 -2388859 92792701)
(37874703 65423880 75160246 86569514)
(121776197 50845580 13841468 87310831)
(-9212248 48502249 -12624911 93570844)
(1489512 20843041 16160947 72347750)
(50128690 95060109 -16118634 89837990)
(108327405 50173701 -9753163 96784828)
(119946689 44846694 45633087 99585371)
(21548592 50338658 -65113 52086575)
(10561367 87667154 23576304 84541855)
(79584002 -4173391 5912551 93985090)
(75690882 -6461941 13750388 84542775)
(121893945 53464397 25547973 90065285)
(90239491 96510427 18471268 96809201)
(61822855 30547366 -17369614 64785545)
(67432732 42122385 22635679 87991187)
(52368741 45087258 -40190090 66176686)
(103621820 45707053 12003100 65856302)
(65561419 65943194 1608806 58426366)
(18560855 -8957351 6325515 94912254)
(100608008 54390254 27479163 71636962)
(25909370 57136863 54956808 70044069)
(104950006 66248693 30182039 90539626)
(93981405 56413031 -20467619 99392570)
(101243782 37667234 15110261 64606523)
(77598384 51892980 7091237 50930639)
(81983460 40863157 -1835314 59095861)
(75102671 31646187 -13545095 73142079)
(49560685 57391586 -18309089 53792099)
(43609119 107671717 5123888 82170218)
(81967312 49920685 -7301118 67720324)
(78594240 61100792 -2903001 71128791)
(97931147 56176153 16339197 66298711)
(40971661 69323601 -339535 51923054)
(100270152 57373596 -12482937 98657263)
(74571393 100071315 16873792 86299432)
(60396871 -4479349 6586909 74429600)
(58396139 51456115 64965594 63976876)
(58592817 121318377 9845407 98596313)
(82643324 44933077 2711852 53395270)
(58011816 82824950 17902623 51464696)
(21747445 42767552 56321387 63276031)
(96380374 51514800 12061340 64364354)
(96338860 50395072 6318724 68945720)
(50361601 137733628 17746183 98879585)
(81581016 65851612 8195630 67767785)
(40641789 89855375 16801175 55643852)
(50140268 76777741 -37099750 92548333)
(24704580 42235612 -7586768 51487695)
(20202318 51944086 78650656 94252351)
(51965976 65540872 -4677268 50715082)
(63895254 95017234 10113712 77329298)
(73978894 56103215 -34953373 93566349)
(53393546 102522083 4045444 80400785)
(81818880 62815042 -10453096 83617583)
(59693258 74937447 26915329 50705515)
(56239713 103842034 7400873 81211795)
(89888501 48853950 29542014 57443433)
(121361614 50512445 10112704 90292060)
(114537234 34836279 7933637 87907645)
(50744293 49356410 10189112 95222330)
(100540588 41199870 -15267040 90748025)
(92628524 60075940 -11226766 92461975)
(69588809 105648325 16288298 87479657)
(21548426 50913343 1345222 51251596)
(91886786 51070446 23868152 55984320)
(100620405 54356954 13917874 69590279)
(48503436 99847205 14393242 62487913)
(102278171 53579079 25730416 70746559)
(34404284 54945730 -32811682 76584771)
(116127761 46039848 38278789 89605347)
(69129216 113273275 16799763 94133446)
(92616600 81695034 15279793 87562394)
(62425214 52515319 -23222705 66693936)
(73250962 47138337 59370077 68918271)
(60246308 71462960 9501545 50738250)
(-14551443 65182465 21580089 85173972)
(88791172 46708263 26403085 51061435)
(90228278 61059896 14988207 64830503)
(105745478 63741216 12134375 85882864)
(103282982 42636625 14761702 62025012)
(61283673 65329128 -9718175 64861701)
(40676074 91787249 57321011 92291995)
(71815312 -1005274 609629 88351262)
(86001572 66962896 17355417 64140502)
(62662603 46595664 57409796 55826957)
(82919208 90911671 11658409 90703237)
(88694567 60255203 12796943 64683465)
(50046197 92386934 25753605 57345725)
(-8865711 50033473 -12985926 95116505)
(61519227 59161871 -2417076 51628719)
(55933145 46386977 6383620 65515733)
(130914679 47111905 12782788 93774530)
(52415245 65750785 -8971951 55668546)
(30505262 48260428 9332871 92806110)
(60193032 56472651 10197470 75402877)
(81728506 76980450 36600094 84467971)
(110867085 74624590 18096600 95925626)
(80604780 60614251 2793212 66956333)
(68499002 66952527 4393450 59588591)
(78931109 68221130 -16156141 91839117)
(75200545 17605288 -9810607 83546104)
(-10282840 49610167 18638048 64486363)
(92276066 41446182 -675487 67645639)
(51965417 67442630 76512221 85079158)
(100164156 60536540 -8360843 97592209)
(100485264 74797916 8861526 94952415)
(69345533 52514597 -2987670 53378453)
(51066974 121610074 9131697 92075929)
(103804893 46930266 11589430 67676297)
(76288091 73061066 -11244332 89124014)
(96072163 67742216 5804366 86540544)
(-15710357 51201866 15352962 74790798)
(66163111 63224663 -31277152 89195557)
(-8163792 79201455 -98172100 87451623)
(213482067 16740709 3416824 88498996)
(107412657 55107060 36295701 87974480)
(65527621 30990470 -31613153 82290596)
(62219383 68494650 5086408 54158261)
(56512693 39951750 11118772 83502576)
(76830477 32673719 9494737 50802257)
(22946512 53465518 61053119 75432086)
(-11283360 26190101 12126935 83807977)
(64502190 50091612 18177206 64663846)
(97183894 29326101 16547677 67450367)
(6365124 57166294 10473693 63558953)
(72746525 65478859 9076058 57679985)
(-31073100 45131311 4725814 94709997)
(49094130 57214670 -39745014 74584408)
(78643846 25272643 16791088 52720440)
(78321974 51224984 41709075 60415053)
(106459545 49664734 4790752 79864116)
(101037308 49358823 18401615 60525548)
(53259991 30456685 -21202959 60146611)
(52611467 1640056 16883879 50228222)
(63741911 49251662 -35103310 76627421)
(16031373 67444570 48403143 83676344)
(65255025 70244334 7768592 56261307)
(77427093 50358383 -6783277 63099267)
(50464477 36768782 -51961654 81797771)
(87049019 -12172237 17677598 97684258)
(59610189 48072065 39399037 99763774)
(15224215 75927672 38009316 82572606)
(88828782 61176712 -11845409 90381433)
(53170305 14281389 -22960217 77989412)
(81554494 29702638 22872323 51492794)
(80457554 54951929 9275068 54664983)
(103818120 51845875 9306709 74887875)
(4931678 89580511 12034492 95845943)
(61143449 97890935 13492196 74072751)
(96388761 82318202 11513144 95724331)
(52026118 55748542 17435672 56567179)
(125985028 45158822 15104739 84569624)
(109911302 59152377 2450839 95143598)
(19926482 18646241 50068443 82965404)
(80921568 50641769 -6149094 66242985)
(102005019 53512617 33343353 78019931)
(-17086815 31831617 11968158 84128313)
(54490379 83596615 10982966 55634562)
(95341288 49459483 17747184 55584139)
(63276041 80454997 -26733702 98995278)
(51960542 74378399 1163619 53706209)
(126416609 54563534 14817256 94693431)
(84605722 69751402 16932488 65955168)
(102964184 64930823 10651128 85774486)
(77209970 60718786 7335774 59123500)
(115891932 51470377 13629630 82263249)
(116891296 46600403 30875230 83525852)
(75038902 93889383 5234105 92224711)
(133368728 47194374 22525114 92247133)
(56832808 103727990 41182281 90902207)
(26611721 80913621 13190965 64342546)
(62085703 102505891 -6504161 99626449)
(71678203 76666901 21721586 59225652)
(97632753 50861834 25511935 63165486)
(64521767 65460734 -19240873 77753923)
(129469602 36863106 21036541 90411671)
(93118275 34475130 17314553 57469493)
(49225842 -39682378 7811170 97237813)
(9780905 74108583 12539636 75019437)
(91949097 57907798 25270787 64286596)
(59823295 40640443 21218096 69637904)
(71736392 41918061 -9553169 55512187)
(58635158 47889132 18314752 95168512)
(42669296 106808054 5801829 81568394)
(71865486 73927156 30562312 65513914)
(97491191 47653836 11798067 61877604)
(51758956 52728420 -31987744 65005702)
(33897167 46594788 -36455860 72384869)
(59503149 49103469 11123726 57092409)
(-6662965 37164573 10384728 69955082)
(113379359 40433133 15767847 73318643)
(112492842 41812500 11648828 75171970)
(24875637 69212409 -26548236 94116400)
(101032839 37371663 26244675 66674531)
(62178066 61472145 -9843561 62024406)
(18557948 75354776 12630739 67397551)
(59309714 10141101 -22684270 87993127)
(71676686 49690469 -3303450 53201221)
(53852643 82361452 -32669 64777321)
(29661428 32031659 -13065477 62213522)
(78458722 106534442 14859150 98664547)
(107822372 67543266 16440318 87455857)
(55386656 49820372 17575400 54758620)
(62243676 29613497 -11315924 60086372)
(104311919 62837341 11053978 84625800)
(52919711 91577013 17574455 55453087)
(62668045 41723418 16687633 99096504)
(90111592 49088770 7647119 60083838)
(74850490 89630012 10522115 82489422)
(64753131 9660612 5980029 65252797)
(38763905 41037962 -54712256 85751531)
(60880518 83793428 44578837 78411678)
(51265583 50440420 38013412 56745648)
(128766638 45972058 17829596 85439684)
(-21691302 46358632 34291191 86201140)
(123402459 60857500 18147926 94642668)
(30518330 59771987 -7903438 60388499)
(45178880 79071508 -4444197 61568239)
(22801069 56717796 -10008591 67156851)
(65215297 46638796 -48410137 88794811)
(86809472 58344944 -2237738 75922682)
(15612542 26310222 -2455892 71374251)
(-5407168 74961827 13505968 90094427)
(49361644 47684164 27880664 80427122)
(78518396 51042420 -8743967 66835351)
(31001978 32224536 16674263 57976582)
(53750018 32039886 57880562 56359336)
(20980595 -14320943 14696261 89485201)
(84513423 31384095 43766487 73664429)
(24796906 98678270 9674358 87438858)
(548990 74199693 38879331 96389806)
(66216110 19851087 -9121097 71626478)
(88910276 51560873 4728686 64273049)
(98591000 51477019 12200341 66398295)
(102210731 125269941 -63745849 75984643)
(91758696 36645116 12828428 58425713)
(52676017 -4053316 6127595 66742084)
(68810738 -427703 8267725 77110953)
(57050783 50276088 15447930 83606243)
(109522308 48111606 3773230 82391196)
(53077545 38246910 18392440 99567176)
(63593081 39549670 -57244956 97428674)
(79645221 49499994 -31709830 89385578)
(21502399 22534282 -1167472 67971939)
(48536173 54685179 22270185 74193721)
